epoch,pair_index,global_step,phase,ce_loss,total_loss,grad_norm_wug,grad_norm_wugs,step_wug,step_wugs,norm_wug,norm_wugs,separation_l2,cosine
1,0,1,singular,13.727066040039062,13.727066040039062,172.0,0.0191650390625,0.0361328125,0.035888671875,1.0859375,1.078125,1.4375,0.11279296875
1,0,2,plural,8.176789283752441,8.176789283752441,0.000141143798828125,178.0,0.006866455078125,0.04931640625,1.078125,1.0859375,1.4375,0.11328125
1,1,3,singular,12.866830825805664,12.866830825805664,173.0,0.19140625,0.0419921875,0.007110595703125,1.078125,1.078125,1.4375,0.11474609375
1,1,4,plural,,,0.0,0.0,0.0023956298828125,0.00286865234375,1.078125,1.078125,1.4375,0.11474609375
1,2,5,singular,14.788198471069336,14.788198471069336,188.0,0.00011014938354492188,0.048583984375,0.0020751953125,1.078125,1.078125,1.4375,0.11376953125
1,2,6,plural,4.887310028076172,4.887310028076172,0.69921875,172.0,0.002288818359375,0.055419921875,1.078125,1.078125,1.4296875,0.11767578125
1,3,7,singular,,,0.0,0.0,0.001739501953125,0.0023345947265625,1.078125,1.078125,1.4296875,0.1181640625
1,3,8,plural,,,0.0,0.0,0.00104522705078125,0.0017547607421875,1.078125,1.078125,1.4296875,0.1181640625
1,4,9,singular,6.139435291290283,6.139435291290283,173.0,20.375,0.045654296875,0.01177978515625,1.078125,1.078125,1.4296875,0.12060546875
1,4,10,plural,1.5372225046157837,1.5372225046157837,9.3125,134.0,0.0045166015625,0.052001953125,1.078125,1.078125,1.421875,0.1259765625
1,5,11,singular,4.313337326049805,4.313337326049805,170.0,24.75,0.046142578125,0.015869140625,1.078125,1.078125,1.421875,0.126953125
1,5,12,plural,8.381223678588867,8.381223678588867,0.0014801025390625,188.0,0.002593994140625,0.0673828125,1.078125,1.078125,1.421875,0.12890625
1,6,13,singular,,,0.0,0.0,0.0020294189453125,0.0024566650390625,1.078125,1.078125,1.421875,0.12890625
1,6,14,plural,6.199877738952637,6.199877738952637,0.451171875,195.0,0.00119781494140625,0.05810546875,1.078125,1.0859375,1.421875,0.1337890625
1,7,15,singular,3.1968626976013184,3.1968626976013184,175.0,80.0,0.053466796875,0.0272216796875,1.078125,1.0859375,1.421875,0.1337890625
1,7,16,plural,0.4907330274581909,0.4907330274581909,0.0028076171875,73.0,0.00244140625,0.0274658203125,1.0859375,1.078125,1.421875,0.134765625
1,8,17,singular,0.2980632483959198,0.2980632483959198,45.5,37.75,0.016357421875,0.013427734375,1.078125,1.078125,1.421875,0.1337890625
1,8,18,plural,,,0.0,0.0,0.0023651123046875,0.0020904541015625,1.078125,1.078125,1.421875,0.1337890625
1,9,19,singular,,,0.0,0.0,0.001708984375,0.0014190673828125,1.078125,1.078125,1.421875,0.1337890625
1,9,20,plural,0.00635874830186367,0.00635874830186367,0.265625,1.1328125,0.00091552734375,0.000835418701171875,1.078125,1.078125,1.421875,0.1337890625
1,10,21,singular,0.04638294130563736,0.04638294130563736,8.25,1.5,0.00390625,0.000530242919921875,1.078125,1.078125,1.421875,0.1337890625
1,10,22,plural,0.009372166357934475,0.009372166357934475,1.3671875,1.6875,0.00107574462890625,0.00072479248046875,1.078125,1.078125,1.421875,0.1337890625
1,11,23,singular,3.4149880409240723,3.4149880409240723,172.0,171.0,0.06298828125,0.059326171875,1.078125,1.0859375,1.4296875,0.12890625
1,11,24,plural,7.63176965713501,7.63176965713501,173.0,175.0,0.057861328125,0.055419921875,1.078125,1.078125,1.4140625,0.1328125
1,12,25,singular,,,0.0,0.0,0.0023040771484375,0.002410888671875,1.078125,1.078125,1.421875,0.1328125
1,12,26,plural,0.4366532862186432,0.4366532862186432,59.0,60.5,0.0224609375,0.0208740234375,1.078125,1.078125,1.421875,0.1328125
1,13,27,singular,,,0.0,0.0,0.00225830078125,0.0021514892578125,1.078125,1.078125,1.421875,0.1328125
1,13,28,plural,,,0.0,0.0,0.0016632080078125,0.00160980224609375,1.078125,1.0859375,1.421875,0.1318359375
1,14,29,singular,3.5337276458740234,3.5337276458740234,173.0,172.0,0.054931640625,0.05322265625,1.078125,1.078125,1.421875,0.12890625
1,14,30,plural,,,0.0,0.0,0.002288818359375,0.0023040771484375,1.0859375,1.078125,1.4296875,0.1279296875
2,0,31,singular,,,0.0,0.0,0.0064697265625,0.00170135498046875,1.078125,1.078125,1.421875,0.1279296875
2,0,32,plural,3.732398748397827,3.732398748397827,56.25,189.0,0.0303955078125,0.062255859375,1.078125,1.078125,1.421875,0.1328125
2,1,33,singular,0.057600609958171844,0.057600609958171844,9.875,9.375,0.007537841796875,0.0042724609375,1.078125,1.078125,1.421875,0.1318359375
2,1,34,plural,0.43296533823013306,0.43296533823013306,59.25,60.0,0.0260009765625,0.0213623046875,1.078125,1.078125,1.421875,0.1318359375
2,2,35,singular,,,0.0,0.0,0.00201416015625,0.0024261474609375,1.078125,1.078125,1.421875,0.1318359375
2,2,36,plural,0.0013191340258345008,0.0013191340258345008,0.060302734375,0.2373046875,0.00154876708984375,0.0018463134765625,1.078125,1.078125,1.421875,0.1318359375
2,3,37,singular,0.7787556052207947,0.7787556052207947,97.5,93.5,0.04345703125,0.036865234375,1.078125,1.078125,1.421875,0.1279296875
2,3,38,plural,0.02305534854531288,0.02305534854531288,0.0107421875,4.28125,0.0021209716796875,0.0034027099609375,1.078125,1.078125,1.421875,0.1279296875
2,4,39,singular,0.06577441841363907,0.06577441841363907,10.9375,10.3125,0.00604248046875,0.004669189453125,1.078125,1.078125,1.421875,0.1279296875
2,4,40,plural,,,0.0,0.0,0.00140380859375,0.00133514404296875,1.078125,1.078125,1.421875,0.1279296875
2,5,41,singular,0.0351092591881752,0.0351092591881752,5.90625,5.03125,0.003936767578125,0.002655029296875,1.078125,1.078125,1.421875,0.1279296875
2,5,42,plural,0.9778521060943604,0.9778521060943604,107.5,108.0,0.05126953125,0.044677734375,1.078125,1.078125,1.4296875,0.126953125
2,6,43,singular,2.467376708984375,2.467376708984375,163.0,162.0,0.060791015625,0.056640625,1.078125,1.0859375,1.4375,0.12060546875
2,6,44,plural,3.7752463817596436,3.7752463817596436,177.0,177.0,0.05712890625,0.05322265625,1.078125,1.078125,1.4296875,0.12255859375
2,7,45,singular,,,0.0,0.0,0.00225830078125,0.0022735595703125,1.078125,1.078125,1.4296875,0.12255859375
2,7,46,plural,0.0016812250250950456,0.0016812250250950456,2.2411346435546875e-05,0.314453125,0.00170135498046875,0.001617431640625,1.078125,1.078125,1.4296875,0.12255859375
2,8,47,singular,,,0.0,0.0,0.001007080078125,0.000957489013671875,1.078125,1.078125,1.4296875,0.12255859375
2,8,48,plural,,,0.0,0.0,0.0002956390380859375,0.0003376007080078125,1.078125,1.078125,1.4296875,0.12255859375
2,9,49,singular,2.0387649536132812,2.0387649536132812,164.0,109.5,0.068359375,0.053466796875,1.078125,1.078125,1.4296875,0.11962890625
2,9,50,plural,,,0.0,0.0,0.0025177001953125,0.00225830078125,1.078125,1.0859375,1.4375,0.119140625
2,10,51,singular,0.007904558442533016,0.007904558442533016,1.421875,0.11279296875,0.00177001953125,0.00653076171875,1.078125,1.078125,1.4296875,0.119140625
2,10,52,plural,,,0.0,0.0,0.00099945068359375,0.002593994140625,1.078125,1.078125,1.4296875,0.119140625
2,11,53,singular,0.02706616371870041,0.02706616371870041,4.625,0.78125,0.0030670166015625,0.00177764892578125,1.078125,1.078125,1.4296875,0.11962890625
2,11,54,plural,,,0.0,0.0,0.00067138671875,0.0010528564453125,1.078125,1.078125,1.4296875,0.11962890625
2,12,55,singular,,,0.0,0.0,0.00052642822265625,0.000316619873046875,1.078125,1.078125,1.4296875,0.11962890625
2,12,56,plural,1.5473759174346924,1.5473759174346924,130.0,138.0,0.06005859375,0.06298828125,1.078125,1.078125,1.4296875,0.1181640625
2,13,57,singular,0.6121048927307129,0.6121048927307129,82.5,67.5,0.037841796875,0.034423828125,1.078125,1.078125,1.4375,0.11572265625
2,13,58,plural,0.03894840553402901,0.03894840553402901,6.53125,6.65625,0.003692626953125,0.00396728515625,1.0859375,1.0859375,1.4375,0.1142578125
2,14,59,singular,0.052685774862766266,0.052685774862766266,8.8125,8.125,0.007598876953125,0.00836181640625,1.078125,1.078125,1.4296875,0.1142578125
2,14,60,plural,0.003393250983208418,0.003393250983208418,0.302734375,0.60546875,0.0023345947265625,0.00244140625,1.078125,1.078125,1.4375,0.1142578125
3,0,61,singular,,,0.0,0.0,0.0016326904296875,0.00165557861328125,1.078125,1.078125,1.4375,0.1142578125
3,0,62,plural,,,0.0,0.0,0.00075531005859375,0.000957489013671875,1.078125,1.078125,1.4375,0.1142578125
3,1,63,singular,0.14530551433563232,0.14530551433563232,23.5,23.125,0.01422119140625,0.014404296875,1.0859375,1.078125,1.4375,0.1123046875
3,1,64,plural,,,0.0,0.0,0.006591796875,0.001678466796875,1.078125,1.078125,1.4375,0.1123046875
3,2,65,singular,0.004522215574979782,0.004522215574979782,0.77734375,0.546875,0.002349853515625,0.0011138916015625,1.078125,1.078125,1.4375,0.1123046875
3,2,66,plural,1.2813050746917725,1.2813050746917725,78.5,140.0,0.05224609375,0.07177734375,1.078125,1.078125,1.4375,0.11279296875
3,3,67,singular,0.9050445556640625,0.9050445556640625,102.0,101.5,0.052734375,0.05029296875,1.078125,1.078125,1.4453125,0.10595703125
3,3,68,plural,0.004033525940030813,0.004033525940030813,0.498046875,0.71875,0.0024261474609375,0.0023040771484375,1.078125,1.078125,1.4453125,0.10595703125
3,4,69,singular,,,0.0,0.0,0.00159454345703125,0.00167083740234375,1.078125,1.078125,1.4453125,0.1064453125
3,4,70,plural,0.4305296838283539,0.4305296838283539,60.25,60.75,0.0341796875,0.0311279296875,1.0859375,1.078125,1.4453125,0.10498046875
3,5,71,singular,1.6419146060943604,1.6419146060943604,139.0,132.0,0.064453125,0.06103515625,1.0859375,1.0859375,1.453125,0.099609375
3,5,72,plural,0.012478020042181015,0.012478020042181015,0.02294921875,2.328125,0.00689697265625,0.006988525390625,1.078125,1.078125,1.4453125,0.099609375
3,6,73,singular,0.0005190217634662986,0.0005190217634662986,0.09423828125,0.00183868408203125,0.002349853515625,0.002532958984375,1.078125,1.078125,1.4453125,0.10009765625
3,6,74,plural,,,0.0,0.0,0.00174713134765625,0.001861572265625,1.078125,1.078125,1.4453125,0.10009765625
3,7,75,singular,0.008178671821951866,0.008178671821951866,1.4453125,1.3515625,0.00115203857421875,0.00115966796875,1.078125,1.078125,1.4453125,0.10009765625
3,7,76,plural,0.018009239807724953,0.018009239807724953,0.11669921875,3.375,0.00040435791015625,0.0032958984375,1.078125,1.078125,1.4453125,0.10009765625
3,8,77,singular,,,0.0,0.0,0.00014495849609375,0.000568389892578125,1.078125,1.078125,1.4453125,0.10009765625
3,8,78,plural,0.6364940404891968,0.6364940404891968,80.5,81.5,0.049072265625,0.046875,1.078125,1.078125,1.453125,0.09912109375
3,9,79,singular,0.20401151478290558,0.20401151478290558,33.0,32.5,0.0244140625,0.0235595703125,1.078125,1.078125,1.453125,0.09619140625
3,9,80,plural,0.010624393820762634,0.010624393820762634,1.6796875,1.8203125,0.0023345947265625,0.0022430419921875,1.078125,1.078125,1.453125,0.09619140625
3,10,81,singular,0.009847395122051239,0.009847395122051239,1.875,0.53125,0.00238037109375,0.0015106201171875,1.078125,1.078125,1.453125,0.09619140625
3,10,82,plural,0.018928375095129013,0.018928375095129013,3.21875,3.390625,0.002899169921875,0.0028076171875,1.078125,1.078125,1.453125,0.09619140625
3,11,83,singular,0.0007238152320496738,0.0007238152320496738,0.12890625,0.0673828125,0.000782012939453125,0.00060272216796875,1.078125,1.078125,1.453125,0.09619140625
3,11,84,plural,0.0019696613308042288,0.0019696613308042288,0.208984375,0.3515625,0.00052642822265625,0.000438690185546875,1.078125,1.078125,1.453125,0.09619140625
3,12,85,singular,,,0.0,0.0,0.0003814697265625,0.0003204345703125,1.078125,1.078125,1.453125,0.09619140625
3,12,86,plural,0.5080883502960205,0.5080883502960205,63.75,69.5,0.051025390625,0.051513671875,1.078125,1.078125,1.453125,0.09423828125
3,13,87,singular,0.13140974938869476,0.13140974938869476,22.25,16.75,0.0205078125,0.01531982421875,1.078125,1.078125,1.453125,0.09228515625
3,13,88,plural,,,0.0,0.0,0.0024261474609375,0.00201416015625,1.078125,1.078125,1.453125,0.09228515625
3,14,89,singular,,,0.0,0.0,0.00171661376953125,0.001373291015625,1.078125,1.078125,1.453125,0.09228515625
3,14,90,plural,,,0.0,0.0,0.00104522705078125,0.0007781982421875,1.078125,1.078125,1.453125,0.09228515625
4,0,91,singular,0.6617978811264038,0.6617978811264038,84.0,79.0,0.06201171875,0.059814453125,1.078125,1.078125,1.4609375,0.08642578125
4,0,92,plural,0.16549105942249298,0.16549105942249298,19.75,29.875,0.0240478515625,0.0311279296875,1.078125,1.078125,1.4609375,0.0859375
4,1,93,singular,0.0026950249448418617,0.0026950249448418617,0.46875,0.431640625,0.002227783203125,0.00250244140625,1.078125,1.078125,1.4609375,0.0859375
4,1,94,plural,1.342442274093628,1.342442274093628,124.5,129.0,0.07373046875,0.072265625,1.078125,1.078125,1.4609375,0.0830078125
4,2,95,singular,3.5306737422943115,3.5306737422943115,174.0,173.0,0.072265625,0.0732421875,1.078125,1.078125,1.46875,0.0751953125
4,2,96,plural,1.8066537380218506,1.8066537380218506,150.0,151.0,0.0556640625,0.054931640625,1.078125,1.078125,1.46875,0.07470703125
4,3,97,singular,,,0.0,0.0,0.0023956298828125,0.00225830078125,1.078125,1.078125,1.46875,0.07470703125
4,3,98,plural,0.00022635281493421644,0.00022635281493421644,0.03125,0.03955078125,0.00183868408203125,0.0017242431640625,1.0859375,1.078125,1.46875,0.07421875
4,4,99,singular,0.04051554948091507,0.04051554948091507,7.125,6.71875,0.00732421875,0.00445556640625,1.078125,1.078125,1.46875,0.07373046875
4,4,100,plural,,,0.0,0.0,0.0025634765625,0.00101470947265625,1.078125,1.078125,1.46875,0.07373046875
4,5,101,singular,0.028689326718449593,0.028689326718449593,4.90625,4.46875,0.003997802734375,0.0034027099609375,1.078125,1.078125,1.46875,0.0732421875
4,5,102,plural,0.00015198028995655477,0.00015198028995655477,1.4662742614746094e-05,0.02880859375,0.000904083251953125,0.000782012939453125,1.078125,1.078125,1.46875,0.0732421875
4,6,103,singular,,,0.0,0.0,0.0004596710205078125,0.000583648681640625,1.078125,1.078125,1.46875,0.0732421875
4,6,104,plural,,,0.0,0.0,0.000278472900390625,0.0003986358642578125,1.078125,1.078125,1.46875,0.0732421875
4,7,105,singular,0.025629425421357155,0.025629425421357155,4.59375,3.25,0.004425048828125,0.00286865234375,1.078125,1.078125,1.46875,0.0732421875
4,7,106,plural,,,0.0,0.0,0.000820159912109375,0.0004787445068359375,1.078125,1.078125,1.46875,0.0732421875
4,8,107,singular,,,0.0,0.0,0.00066375732421875,0.0003147125244140625,1.078125,1.078125,1.46875,0.0732421875
4,8,108,plural,0.00012170527770649642,0.00012170527770649642,3.904104232788086e-06,0.0228271484375,0.0004062652587890625,0.0002193450927734375,1.078125,1.078125,1.46875,0.0732421875
4,9,109,singular,,,0.0,0.0,7.82012939453125e-05,2.0503997802734375e-05,1.078125,1.078125,1.46875,0.0732421875
4,9,110,plural,,,0.0,0.0,0.0,0.0,1.078125,1.078125,1.46875,0.0732421875
4,10,111,singular,0.015826329588890076,0.015826329588890076,2.71875,2.421875,0.00347900390625,0.00299072265625,1.078125,1.078125,1.46875,0.07275390625
4,10,112,plural,7.581423415103927e-05,7.581423415103927e-05,0.00180816650390625,0.0135498046875,0.000598907470703125,0.00063323974609375,1.078125,1.078125,1.46875,0.07275390625
4,11,113,singular,0.018749622628092766,0.018749622628092766,3.359375,1.9765625,0.007232666015625,0.0026397705078125,1.078125,1.078125,1.46875,0.072265625
4,11,114,plural,7.581423415103927e-05,7.581423415103927e-05,0.00180816650390625,0.0135498046875,0.00286865234375,0.00057220458984375,1.078125,1.078125,1.46875,0.072265625
4,12,115,singular,0.04429948329925537,0.04429948329925537,7.625,7.40625,0.0111083984375,0.01055908203125,1.078125,1.078125,1.46875,0.0712890625
4,12,116,plural,0.0006891497760079801,0.0006891497760079801,0.0947265625,0.1181640625,0.00148773193359375,0.0015106201171875,1.078125,1.078125,1.46875,0.0712890625
4,13,117,singular,0.33599936962127686,0.33599936962127686,54.25,44.25,0.06201171875,0.05712890625,1.078125,1.078125,1.4765625,0.0654296875
4,13,118,plural,,,0.0,0.0,0.0024261474609375,0.00244140625,1.078125,1.078125,1.4765625,0.0654296875
4,14,119,singular,,,0.0,0.0,0.00176239013671875,0.00182342529296875,1.078125,1.078125,1.4765625,0.0654296875
4,14,120,plural,0.0637122243642807,0.0637122243642807,10.375,10.6875,0.013427734375,0.0146484375,1.078125,1.078125,1.4765625,0.0654296875
5,0,121,singular,7.366862701019272e-05,7.366862701019272e-05,0.01263427734375,0.004730224609375,0.00182342529296875,0.0017242431640625,1.078125,1.078125,1.4765625,0.0654296875
5,0,122,plural,0.07953489571809769,0.07953489571809769,13.375,13.5625,0.017822265625,0.0186767578125,1.078125,1.078125,1.4765625,0.064453125
5,1,123,singular,0.09050385653972626,0.09050385653972626,15.375,15.125,0.0186767578125,0.019287109375,1.078125,1.078125,1.4765625,0.06201171875
5,1,124,plural,0.020355377346277237,0.020355377346277237,2.15625,3.53125,0.004058837890625,0.006500244140625,1.078125,1.078125,1.4765625,0.062255859375
5,2,125,singular,0.06657364219427109,0.06657364219427109,11.0625,8.0,0.0186767578125,0.01416015625,1.078125,1.078125,1.4765625,0.061279296875
5,2,126,plural,,,0.0,0.0,0.00201416015625,0.0015869140625,1.078125,1.078125,1.4765625,0.061279296875
5,3,127,singular,,,0.0,0.0,0.0014495849609375,0.00112152099609375,1.078125,1.078125,1.4765625,0.061279296875
5,3,128,plural,0.007055605761706829,0.007055605761706829,1.15625,1.21875,0.0023193359375,0.002532958984375,1.078125,1.078125,1.4765625,0.06103515625
5,4,129,singular,,,0.0,0.0,0.0004787445068359375,0.00052642822265625,1.078125,1.078125,1.4765625,0.06103515625
5,4,130,plural,,,0.0,0.0,0.000335693359375,0.0004405975341796875,1.078125,1.078125,1.4765625,0.06103515625
5,5,131,singular,6.639736966462806e-05,6.639736966462806e-05,0.0118408203125,0.006317138671875,0.0002574920654296875,0.0003032684326171875,1.078125,1.078125,1.4765625,0.06103515625
5,5,132,plural,,,0.0,0.0,7.963180541992188e-05,9.298324584960938e-05,1.078125,1.078125,1.4765625,0.06103515625
5,6,133,singular,0.0003319427778478712,0.0003319427778478712,0.060791015625,0.0064697265625,5.626678466796875e-05,2.205371856689453e-06,1.078125,1.078125,1.4765625,0.06103515625
5,6,134,plural,0.22744356095790863,0.22744356095790863,35.75,36.0,0.060302734375,0.060791015625,1.078125,1.078125,1.4765625,0.05810546875
5,7,135,singular,,,0.0,0.0,0.002532958984375,0.0021514892578125,1.078125,1.078125,1.484375,0.05810546875
5,7,136,plural,1.2874520507466514e-05,1.2874520507466514e-05,0.00010251998901367188,0.0023193359375,0.001953125,0.00148773193359375,1.078125,1.078125,1.484375,0.05810546875
5,8,137,singular,,,0.0,0.0,0.0011138916015625,0.00099945068359375,1.078125,1.078125,1.484375,0.05810546875
5,8,138,plural,,,0.0,0.0,0.0002880096435546875,0.000244140625,1.078125,1.078125,1.484375,0.05810546875
5,9,139,singular,0.009016748517751694,0.009016748517751694,1.6953125,0.59375,0.005950927734375,0.002105712890625,1.078125,1.078125,1.484375,0.058349609375
5,9,140,plural,0.0023840833455324173,0.0023840833455324173,0.052001953125,0.47265625,0.0010528564453125,0.00160980224609375,1.078125,1.078125,1.484375,0.058349609375
5,10,141,singular,0.5782613158226013,0.5782613158226013,76.5,76.0,0.083984375,0.08837890625,1.0859375,1.078125,1.4921875,0.044677734375
5,10,142,plural,,,0.0,0.0,0.006744384765625,0.0023345947265625,1.078125,1.078125,1.4921875,0.044921875
5,11,143,singular,,,0.0,0.0,0.00244140625,0.0018310546875,1.078125,1.078125,1.4921875,0.044921875
5,11,144,plural,0.04587911069393158,0.04587911069393158,1.7734375,8.5,0.0062255859375,0.02490234375,1.078125,1.078125,1.4921875,0.0458984375
5,12,145,singular,3.3378546504536644e-06,3.3378546504536644e-06,0.000576019287109375,5.269050598144531e-05,0.001312255859375,0.002166748046875,1.078125,1.078125,1.4921875,0.0458984375
5,12,146,plural,0.006830675061792135,0.006830675061792135,1.0546875,1.2109375,0.0027618408203125,0.003509521484375,1.078125,1.078125,1.4921875,0.045654296875
5,13,147,singular,2.8490614567999728e-05,2.8490614567999728e-05,0.005157470703125,6.29425048828125e-05,0.000728607177734375,0.00106048583984375,1.078125,1.078125,1.4921875,0.045654296875
5,13,148,plural,0.03037184476852417,0.03037184476852417,5.0625,5.1875,0.0120849609375,0.0125732421875,1.078125,1.078125,1.4921875,0.044189453125
5,14,149,singular,1.9192511899746023e-05,1.9192511899746023e-05,0.00341796875,0.000354766845703125,0.0015106201171875,0.00213623046875,1.078125,1.078125,1.4921875,0.044189453125
5,14,150,plural,0.004413269460201263,0.004413269460201263,0.0712890625,0.828125,0.00107574462890625,0.0037384033203125,1.078125,1.078125,1.4921875,0.044189453125
6,0,151,singular,7.986703712958843e-05,7.986703712958843e-05,0.01422119140625,0.008056640625,0.0006866455078125,0.000965118408203125,1.078125,1.078125,1.4921875,0.044189453125
6,0,152,plural,,,0.0,0.0,0.00021076202392578125,0.000640869140625,1.078125,1.078125,1.4921875,0.044189453125
6,1,153,singular,8.821448318485636e-06,8.821448318485636e-06,0.00152587890625,0.00016307830810546875,1.239776611328125e-05,0.0004253387451171875,1.078125,1.078125,1.4921875,0.044189453125
6,1,154,plural,,,0.0,0.0,2.1457672119140625e-06,0.000255584716796875,1.078125,1.078125,1.4921875,0.044189453125
6,2,155,singular,,,0.0,0.0,9.834766387939453e-07,0.0,1.078125,1.078125,1.4921875,0.044189453125
6,2,156,plural,,,0.0,0.0,1.4901161193847656e-08,0.0,1.078125,1.078125,1.4921875,0.044189453125
6,3,157,singular,9.381330892210826e-05,9.381330892210826e-05,0.0169677734375,0.0003185272216796875,2.3603439331054688e-05,6.007030606269836e-08,1.078125,1.078125,1.4921875,0.044189453125
6,3,158,plural,0.0029645089525729418,0.0029645089525729418,0.00665283203125,0.55859375,1.0967254638671875e-05,0.004119873046875,1.078125,1.078125,1.4921875,0.04443359375
6,4,159,singular,1.7762025890988298e-05,1.7762025890988298e-05,0.0031280517578125,0.0003528594970703125,1.4454126358032227e-06,0.0008697509765625,1.078125,1.078125,1.4921875,0.04443359375
6,4,160,plural,0.014593292027711868,0.014593292027711868,2.40625,2.484375,0.0106201171875,0.01116943359375,1.078125,1.0859375,1.4921875,0.043212890625
6,5,161,singular,,,0.0,0.0,0.0018463134765625,0.006500244140625,1.078125,1.078125,1.4921875,0.043212890625
6,5,162,plural,0.002596104983240366,0.002596104983240366,0.390625,0.462890625,0.002410888671875,0.003631591796875,1.078125,1.078125,1.4921875,0.04296875
6,6,163,singular,,,0.0,0.0,0.000873565673828125,0.00128936767578125,1.078125,1.078125,1.4921875,0.04296875
6,6,164,plural,0.5373649001121521,0.5373649001121521,71.0,73.5,0.09765625,0.09521484375,1.0859375,1.078125,1.5,0.035400390625
6,7,165,singular,,,0.0,0.0,0.0068359375,0.002105712890625,1.078125,1.078125,1.4921875,0.03564453125
6,7,166,plural,,,0.0,0.0,0.002685546875,0.00147247314453125,1.078125,1.078125,1.5,0.03564453125
6,8,167,singular,0.2444504350423813,0.2444504350423813,39.25,36.0,0.058837890625,0.057861328125,1.078125,1.078125,1.5078125,0.0242919921875
6,8,168,plural,,,0.0,0.0,0.00250244140625,0.0023193359375,1.078125,1.078125,1.5078125,0.0242919921875
6,9,169,singular,0.00021860594279132783,0.00021860594279132783,0.037841796875,0.021240234375,0.00177001953125,0.00164794921875,1.078125,1.078125,1.5078125,0.0244140625
6,9,170,plural,9.357491217087954e-05,9.357491217087954e-05,0.005584716796875,0.0167236328125,0.0010833740234375,0.00075531005859375,1.078125,1.078125,1.5078125,0.0244140625
6,10,171,singular,0.22726798057556152,0.22726798057556152,36.0,35.75,0.056396484375,0.05859375,1.078125,1.078125,1.515625,0.0164794921875
6,10,172,plural,0.6348274946212769,0.6348274946212769,83.5,84.0,0.0771484375,0.07568359375,1.078125,1.078125,1.515625,0.01190185546875
6,11,173,singular,0.08048984408378601,0.08048984408378601,13.3125,13.0,0.0166015625,0.016845703125,1.078125,1.078125,1.515625,0.0093994140625
6,11,174,plural,0.0014644861221313477,0.0014644861221313477,0.0238037109375,0.283203125,0.00244140625,0.002227783203125,1.078125,1.078125,1.515625,0.0093994140625
6,12,175,singular,0.7344465851783752,0.7344465851783752,89.5,83.0,0.07275390625,0.07275390625,1.078125,1.078125,1.5234375,0.0023345947265625
6,12,176,plural,0.014845142140984535,0.014845142140984535,2.40625,2.515625,0.0035247802734375,0.00396728515625,1.078125,1.078125,1.5234375,0.0021514892578125
6,13,177,singular,3.814689989667386e-06,3.814689989667386e-06,0.000705718994140625,9.313225746154785e-07,0.001708984375,0.0019683837890625,1.0859375,1.078125,1.5234375,0.0021209716796875
6,13,178,plural,0.003339549293741584,0.003339549293741584,0.05615234375,0.6328125,0.006500244140625,0.00173187255859375,1.078125,1.078125,1.5234375,0.0021820068359375
6,14,179,singular,,,0.0,0.0,0.0026702880859375,0.000553131103515625,1.078125,1.078125,1.5234375,0.002197265625
6,14,180,plural,1.2246867418289185,1.2246867418289185,123.0,124.0,0.07568359375,0.0751953125,1.078125,1.0859375,1.53125,-0.000843048095703125
7,0,181,singular,0.09031371027231216,0.09031371027231216,15.4375,15.1875,0.0162353515625,0.0164794921875,1.078125,1.0859375,1.53125,-0.003143310546875
7,0,182,plural,4.7444173105759546e-05,4.7444173105759546e-05,1.1920928955078125e-06,0.0089111328125,0.00238037109375,0.006591796875,1.078125,1.078125,1.5234375,-0.0030364990234375
7,1,183,singular,0.0003965306677855551,0.0003965306677855551,0.0703125,0.035888671875,0.0019073486328125,0.00274658203125,1.078125,1.078125,1.53125,-0.0030517578125
7,1,184,plural,,,0.0,0.0,0.00112152099609375,0.0015716552734375,1.078125,1.078125,1.53125,-0.0030517578125
7,2,185,singular,,,0.0,0.0,0.0004329681396484375,0.00084686279296875,1.078125,1.078125,1.53125,-0.0030517578125
7,2,186,plural,,,0.0,0.0,1.9073486328125e-06,0.00026702880859375,1.078125,1.078125,1.53125,-0.0030517578125
7,3,187,singular,0.030745765194296837,0.030745765194296837,5.21875,5.0625,0.005645751953125,0.005096435546875,1.078125,1.078125,1.53125,-0.003997802734375
7,3,188,plural,,,0.0,0.0,0.00102996826171875,0.00081634521484375,1.0859375,1.078125,1.53125,-0.003936767578125
7,4,189,singular,1.057015061378479,1.057015061378479,116.0,115.0,0.07470703125,0.07763671875,1.078125,1.078125,1.5390625,-0.01531982421875
7,4,190,plural,0.09065346419811249,0.09065346419811249,14.75,15.0,0.0137939453125,0.01422119140625,1.078125,1.078125,1.5390625,-0.0167236328125
7,5,191,singular,1.3112935448589269e-05,1.3112935448589269e-05,0.0023956298828125,1.245737075805664e-05,0.00238037109375,0.0024261474609375,1.078125,1.078125,1.5390625,-0.0167236328125
7,5,192,plural,0.0005124686285853386,0.0005124686285853386,0.04150390625,0.091796875,0.00174713134765625,0.0017852783203125,1.078125,1.078125,1.5390625,-0.016845703125
7,6,193,singular,3.099436753473128e-06,3.099436753473128e-06,0.0005340576171875,2.491474151611328e-05,0.00116729736328125,0.000946044921875,1.078125,1.078125,1.5390625,-0.016845703125
7,6,194,plural,0.000479344860650599,0.000479344860650599,0.04150390625,0.08642578125,0.000415802001953125,0.00022983551025390625,1.078125,1.078125,1.5390625,-0.016845703125
7,7,195,singular,,,0.0,0.0,4.0531158447265625e-06,6.4373016357421875e-06,1.078125,1.078125,1.5390625,-0.016845703125
7,7,196,plural,0.162391796708107,0.162391796708107,26.25,26.625,0.0263671875,0.0264892578125,1.078125,1.078125,1.5390625,-0.0194091796875
7,8,197,singular,5.1020273531321436e-05,5.1020273531321436e-05,0.0096435546875,4.506111145019531e-05,0.0024566650390625,0.0023193359375,1.078125,1.078125,1.5390625,-0.0194091796875
7,8,198,plural,0.018992943689227104,0.018992943689227104,2.4375,3.28125,0.004150390625,0.005828857421875,1.078125,1.078125,1.546875,-0.0194091796875
7,9,199,singular,8.928377064876258e-05,8.928377064876258e-05,0.0162353515625,0.000171661376953125,0.001373291015625,0.00151824951171875,1.078125,1.078125,1.546875,-0.019287109375
7,9,200,plural,0.007874161936342716,0.007874161936342716,1.328125,1.375,0.001617431640625,0.00186920166015625,1.078125,1.078125,1.546875,-0.0194091796875
7,10,201,singular,,,0.0,0.0,0.0004215240478515625,0.000774383544921875,1.078125,1.078125,1.546875,-0.0194091796875
7,10,202,plural,0.01020971592515707,0.01020971592515707,0.89453125,1.984375,0.0023956298828125,0.0079345703125,1.078125,1.078125,1.5390625,-0.019287109375
7,11,203,singular,,,0.0,0.0,0.00046539306640625,0.0023193359375,1.078125,1.078125,1.5390625,-0.019287109375
7,11,204,plural,0.0002903516869992018,0.0002903516869992018,0.03515625,0.050048828125,0.000362396240234375,0.00104522705078125,1.078125,1.078125,1.5390625,-0.019287109375
7,12,205,singular,1.847726889536716e-05,1.847726889536716e-05,0.003204345703125,0.0003032684326171875,0.0002574920654296875,0.000400543212890625,1.078125,1.078125,1.5390625,-0.019287109375
7,12,206,plural,,,0.0,0.0,0.0001964569091796875,0.00011014938354492188,1.078125,1.078125,1.5390625,-0.019287109375
7,13,207,singular,0.004203413613140583,0.004203413613140583,0.72265625,0.228515625,0.00167083740234375,0.00034332275390625,1.078125,1.078125,1.5390625,-0.019287109375
7,13,208,plural,0.00012194366718176752,0.00012194366718176752,3.4809112548828125e-05,0.02294921875,0.00011444091796875,7.581710815429688e-05,1.078125,1.078125,1.5390625,-0.019287109375
7,14,209,singular,,,0.0,0.0,8.440017700195312e-05,5.626678466796875e-05,1.078125,1.078125,1.5390625,-0.019287109375
7,14,210,plural,,,0.0,0.0,7.152557373046875e-05,3.981590270996094e-05,1.078125,1.078125,1.5390625,-0.019287109375
8,0,211,singular,4.649054244509898e-05,4.649054244509898e-05,0.00830078125,0.003387451171875,1.728534698486328e-05,3.147125244140625e-05,1.078125,1.078125,1.5390625,-0.019287109375
8,0,212,plural,,,0.0,0.0,2.4028122425079346e-07,5.960464477539063e-08,1.078125,1.078125,1.5390625,-0.019287109375
8,1,213,singular,1.1801649634435307e-05,1.1801649634435307e-05,0.0020294189453125,0.00023651123046875,9.685754776000977e-07,6.658956408500671e-08,1.078125,1.078125,1.5390625,-0.019287109375
8,1,214,plural,,,0.0,0.0,4.76837158203125e-07,0.0,1.078125,1.078125,1.5390625,-0.019287109375
8,2,215,singular,0.0032219188287854195,0.0032219188287854195,0.5703125,0.49609375,0.00634765625,0.00102996826171875,1.078125,1.078125,1.5390625,-0.0191650390625
8,2,216,plural,0.0013704441953450441,0.0013704441953450441,0.2099609375,0.2470703125,0.002899169921875,0.0004711151123046875,1.078125,1.078125,1.5390625,-0.0191650390625
8,3,217,singular,3.7788631743751466e-05,3.7788631743751466e-05,0.006683349609375,0.000751495361328125,0.0003490447998046875,0.00013065338134765625,1.078125,1.078125,1.5390625,-0.0191650390625
8,3,218,plural,6.460934673668817e-05,6.460934673668817e-05,0.00160980224609375,0.0115966796875,3.361701965332031e-05,9.679794311523438e-05,1.078125,1.078125,1.5390625,-0.0191650390625
8,4,219,singular,1.2397689715726301e-05,1.2397689715726301e-05,0.00213623046875,0.0003032684326171875,1.5497207641601562e-05,5.984306335449219e-05,1.078125,1.078125,1.5390625,-0.0191650390625
8,4,220,plural,0.008539469912648201,0.008539469912648201,0.69921875,1.65625,0.00457763671875,0.0111083984375,1.078125,1.078125,1.5390625,-0.01904296875
8,5,221,singular,,,0.0,0.0,0.0005340576171875,0.00131988525390625,1.078125,1.078125,1.5390625,-0.01904296875
8,5,222,plural,,,0.0,0.0,0.0003299713134765625,0.000843048095703125,1.078125,1.078125,1.5390625,-0.01904296875
8,6,223,singular,0.0015735160559415817,0.0015735160559415817,0.2734375,0.09619140625,0.00141143798828125,0.00054168701171875,1.078125,1.078125,1.5390625,-0.01904296875
8,6,224,plural,0.0001787979417713359,0.0001787979417713359,0.01336669921875,0.03173828125,0.00018978118896484375,0.0001392364501953125,1.078125,1.078125,1.5390625,-0.01904296875
8,7,225,singular,,,0.0,0.0,0.000141143798828125,6.29425048828125e-05,1.078125,1.078125,1.5390625,-0.01904296875
8,7,226,plural,0.0022935771849006414,0.0022935771849006414,0.33203125,0.39453125,0.0018310546875,0.0022125244140625,1.078125,1.078125,1.5390625,-0.019287109375
8,8,227,singular,7.688703772146255e-05,7.688703772146255e-05,0.0140380859375,0.0003662109375,0.00019741058349609375,0.000396728515625,1.078125,1.078125,1.5390625,-0.019287109375
8,8,228,plural,,,0.0,0.0,8.726119995117188e-05,0.0003376007080078125,1.078125,1.078125,1.5390625,-0.019287109375
8,9,229,singular,,,0.0,0.0,4.458427429199219e-05,0.00026702880859375,1.078125,1.078125,1.5390625,-0.019287109375
8,9,230,plural,0.0002224197960458696,0.0002224197960458696,0.0003337860107421875,0.042236328125,7.748603820800781e-06,0.0004062652587890625,1.078125,1.078125,1.5390625,-0.0191650390625
8,10,231,singular,,,0.0,0.0,7.62939453125e-06,7.677078247070312e-05,1.078125,1.078125,1.5390625,-0.0191650390625
8,10,232,plural,,,0.0,0.0,0.0,7.009506225585938e-05,1.078125,1.078125,1.5390625,-0.0191650390625
8,11,233,singular,8.511180931236595e-05,8.511180931236595e-05,0.0159912109375,0.0002593994140625,0.0001087188720703125,6.67572021484375e-05,1.078125,1.078125,1.5390625,-0.0191650390625
8,11,234,plural,0.001824620645493269,0.001824620645493269,0.259765625,0.314453125,0.002227783203125,0.0028076171875,1.078125,1.078125,1.5390625,-0.0194091796875
8,12,235,singular,0.0007304860628210008,0.0007304860628210008,0.126953125,0.10888671875,0.000885009765625,0.000789642333984375,1.078125,1.078125,1.5390625,-0.0194091796875
8,12,236,plural,0.026712452992796898,0.026712452992796898,4.59375,4.65625,0.035400390625,0.03515625,1.0859375,1.0859375,1.546875,-0.0216064453125
8,13,237,singular,,,0.0,0.0,0.006866455078125,0.006805419921875,1.078125,1.078125,1.5390625,-0.0216064453125
8,13,238,plural,1.2755313036905136e-05,1.2755313036905136e-05,3.203749656677246e-07,0.0023956298828125,0.0028533935546875,0.002410888671875,1.078125,1.078125,1.5390625,-0.021484375
8,14,239,singular,0.001073975581675768,0.001073975581675768,0.1953125,0.0223388671875,0.0034942626953125,0.0019073486328125,1.078125,1.078125,1.5390625,-0.021484375
8,14,240,plural,0.0004999579978175461,0.0004999579978175461,0.0191650390625,0.08837890625,0.00147247314453125,0.00139617919921875,1.078125,1.078125,1.5390625,-0.021484375
9,0,241,singular,,,0.0,0.0,0.000682830810546875,0.000423431396484375,1.078125,1.078125,1.5390625,-0.021484375
9,0,242,plural,,,0.0,0.0,0.0003757476806640625,0.00015735626220703125,1.078125,1.078125,1.5390625,-0.021484375
9,1,243,singular,0.0006123098428361118,0.0006123098428361118,0.11181640625,0.0225830078125,0.0017547607421875,0.000240325927734375,1.078125,1.078125,1.5390625,-0.021484375
9,1,244,plural,1.3708974620385561e-05,1.3708974620385561e-05,0.000568389892578125,0.00238037109375,0.000263214111328125,7.05718994140625e-05,1.078125,1.078125,1.5390625,-0.021484375
9,2,245,singular,0.0009626284008845687,0.0009626284008845687,0.171875,0.1435546875,0.0029449462890625,0.0023345947265625,1.078125,1.078125,1.5390625,-0.021728515625
9,2,246,plural,0.00034898388548754156,0.00034898388548754156,0.006103515625,0.068359375,0.000568389892578125,0.00165557861328125,1.078125,1.078125,1.5390625,-0.021728515625
9,3,247,singular,,,0.0,0.0,0.000492095947265625,0.0003566741943359375,1.078125,1.078125,1.5390625,-0.021728515625
9,3,248,plural,3.4927710657939315e-05,3.4927710657939315e-05,0.000972747802734375,0.006256103515625,0.00038909912109375,0.0003070831298828125,1.078125,1.078125,1.5390625,-0.021728515625
9,4,249,singular,0.0013811582466587424,0.0013811582466587424,0.25,0.04736328125,0.0059814453125,0.00092315673828125,1.078125,1.078125,1.546875,-0.021728515625
9,4,250,plural,,,0.0,0.0,0.00107574462890625,9.059906005859375e-05,1.078125,1.078125,1.546875,-0.021728515625
9,5,251,singular,,,0.0,0.0,0.000919342041015625,7.009506225585938e-05,1.078125,1.078125,1.546875,-0.021728515625
9,5,252,plural,,,0.0,0.0,0.000762939453125,2.372264862060547e-05,1.078125,1.078125,1.546875,-0.021728515625
9,6,253,singular,0.0001486429391661659,0.0001486429391661659,0.0257568359375,0.012939453125,0.0006103515625,0.00018310546875,1.078125,1.078125,1.546875,-0.021728515625
9,6,254,plural,3.3854863431770355e-05,3.3854863431770355e-05,8.881092071533203e-06,0.006439208984375,9.107589721679688e-05,0.00012111663818359375,1.078125,1.078125,1.546875,-0.021728515625
9,7,255,singular,0.00010442188795423135,0.00010442188795423135,0.01806640625,0.010009765625,0.0003662109375,0.00015354156494140625,1.078125,1.078125,1.546875,-0.021728515625
9,7,256,plural,9.894321920000948e-06,9.894321920000948e-06,7.009506225585938e-05,0.00176239013671875,8.487701416015625e-05,2.8371810913085938e-05,1.078125,1.078125,1.546875,-0.021728515625
9,8,257,singular,,,0.0,0.0,4.839897155761719e-05,4.500150680541992e-06,1.078125,1.078125,1.546875,-0.021728515625
9,8,258,plural,1.4662635294371285e-05,1.4662635294371285e-05,0.000732421875,0.002532958984375,3.170967102050781e-05,1.9550323486328125e-05,1.078125,1.078125,1.546875,-0.021728515625
9,9,259,singular,0.0001958416833076626,0.0001958416833076626,0.03466796875,0.019287109375,0.006439208984375,0.0004730224609375,1.078125,1.078125,1.5390625,-0.021484375
9,9,260,plural,,,0.0,0.0,0.002838134765625,6.389617919921875e-05,1.078125,1.078125,1.5390625,-0.021484375
9,10,261,singular,0.00010668662434909493,0.00010668662434909493,0.0201416015625,0.001312255859375,0.0009918212890625,5.125999450683594e-05,1.078125,1.078125,1.5390625,-0.021484375
9,10,262,plural,0.0007752750534564257,0.0007752750534564257,0.040283203125,0.134765625,0.001556396484375,0.006103515625,1.078125,1.078125,1.5390625,-0.0211181640625
9,11,263,singular,0.04956411197781563,0.04956411197781563,8.3125,8.1875,0.09033203125,0.0947265625,1.0859375,1.078125,1.5625,-0.038818359375
9,11,264,plural,0.003605177393183112,0.003605177393183112,0.0380859375,0.67578125,0.006866455078125,0.0238037109375,1.078125,1.078125,1.5546875,-0.03759765625
9,12,265,singular,6.83045873302035e-05,6.83045873302035e-05,0.01214599609375,0.00555419921875,0.00225830078125,0.0023345947265625,1.078125,1.078125,1.5546875,-0.03759765625
9,12,266,plural,4.758918762207031,4.758918762207031,175.0,175.0,0.1103515625,0.107421875,1.0859375,1.078125,1.5625,-0.040771484375
9,13,267,singular,,,0.0,0.0,0.006622314453125,0.0022735595703125,1.078125,1.078125,1.5546875,-0.040771484375
9,13,268,plural,,,0.0,0.0,0.0031280517578125,0.0016021728515625,1.078125,1.078125,1.5546875,-0.04052734375
9,14,269,singular,0.09731750935316086,0.09731750935316086,16.125,12.9375,0.0306396484375,0.02783203125,1.078125,1.078125,1.5625,-0.044189453125
9,14,270,plural,0.00025912740966305137,0.00025912740966305137,0.032470703125,0.047119140625,0.0026702880859375,0.00186920166015625,1.078125,1.0859375,1.5625,-0.0439453125
10,0,271,singular,0.00020752183627337217,0.00020752183627337217,0.037109375,0.01336669921875,0.00194549560546875,0.00628662109375,1.078125,1.078125,1.5546875,-0.0439453125
10,0,272,plural,,,0.0,0.0,0.00089263916015625,0.0027313232421875,1.078125,1.078125,1.5625,-0.0439453125
10,1,273,singular,,,0.0,0.0,0.000408172607421875,0.00133514404296875,1.078125,1.078125,1.5625,-0.0439453125
10,1,274,plural,2.7418097943154862e-06,2.7418097943154862e-06,9.220093488693237e-08,0.0005035400390625,4.76837158203125e-07,0.000873565673828125,1.078125,1.078125,1.5625,-0.0439453125
10,2,275,singular,0.0003200257197022438,0.0003200257197022438,0.058837890625,0.01068115234375,0.0001239776611328125,0.0004329681396484375,1.078125,1.078125,1.5625,-0.0439453125
10,2,276,plural,1.6689286894688848e-06,1.6689286894688848e-06,4.0745362639427185e-08,0.000324249267578125,1.7642974853515625e-05,4.76837158203125e-07,1.078125,1.078125,1.5625,-0.0439453125
10,3,277,singular,0.0002012050390476361,0.0002012050390476361,0.03466796875,0.0240478515625,0.00013256072998046875,3.1948089599609375e-05,1.078125,1.078125,1.5625,-0.0439453125
10,3,278,plural,0.00036125810584053397,0.00036125810584053397,0.00701904296875,0.07177734375,7.927417755126953e-06,0.0005645751953125,1.078125,1.078125,1.5625,-0.0439453125
10,4,279,singular,0.005977491848170757,0.005977491848170757,1.03125,0.703125,0.0036163330078125,0.0025482177734375,1.078125,1.078125,1.5625,-0.04443359375
10,4,280,plural,,,0.0,0.0,0.000690460205078125,0.0002574920654296875,1.078125,1.078125,1.5625,-0.04443359375
10,5,281,singular,0.00022516099852509797,0.00022516099852509797,0.04248046875,0.00457763671875,0.000644683837890625,0.00010967254638671875,1.078125,1.078125,1.5625,-0.04443359375
10,5,282,plural,,,0.0,0.0,0.000331878662109375,4.792213439941406e-05,1.078125,1.078125,1.5625,-0.04443359375
10,6,283,singular,0.03430095314979553,0.03430095314979553,5.875,5.75,0.0140380859375,0.01470947265625,1.078125,1.078125,1.5625,-0.04833984375
10,6,284,plural,2.8490614567999728e-05,2.8490614567999728e-05,0.0017547607421875,0.00494384765625,0.0020904541015625,0.00156402587890625,1.078125,1.078125,1.5625,-0.04833984375
10,7,285,singular,,,0.0,0.0,0.00159454345703125,0.00107574462890625,1.078125,1.078125,1.5625,-0.04833984375
10,7,286,plural,3.325883881188929e-05,3.325883881188929e-05,0.0026397705078125,0.006011962890625,0.00069427490234375,0.0006103515625,1.078125,1.078125,1.5625,-0.048583984375
10,8,287,singular,0.10238242149353027,0.10238242149353027,17.25,16.875,0.046142578125,0.047607421875,1.078125,1.078125,1.5703125,-0.056640625
10,8,288,plural,,,0.0,0.0,0.0025482177734375,0.0024871826171875,1.078125,1.0859375,1.5703125,-0.05615234375
10,9,289,singular,,,0.0,0.0,0.0017242431640625,0.0064697265625,1.078125,1.078125,1.5703125,-0.05615234375
10,9,290,plural,0.000998951611109078,0.000998951611109078,0.1591796875,0.1748046875,0.0011749267578125,0.0030670166015625,1.078125,1.078125,1.5703125,-0.05615234375
10,10,291,singular,,,0.0,0.0,0.0004425048828125,0.00194549560546875,1.078125,1.078125,1.5703125,-0.05615234375
10,10,292,plural,0.0004999579978175461,0.0004999579978175461,0.06591796875,0.08642578125,0.000186920166015625,0.0010986328125,1.078125,1.078125,1.5703125,-0.05615234375
10,11,293,singular,6.556489552167477e-06,6.556489552167477e-06,0.00116729736328125,0.00018978118896484375,6.532669067382812e-05,0.00032806396484375,1.078125,1.078125,1.5703125,-0.05615234375
10,11,294,plural,0.007587897125631571,0.007587897125631571,0.91015625,1.3203125,0.00506591796875,0.007659912109375,1.078125,1.078125,1.5703125,-0.05615234375
10,12,295,singular,3.707340147229843e-05,3.707340147229843e-05,0.00677490234375,0.0003204345703125,0.0007476806640625,0.00089263916015625,1.078125,1.078125,1.5703125,-0.05615234375
10,12,296,plural,,,0.0,0.0,0.0005645751953125,0.0005340576171875,1.078125,1.078125,1.5703125,-0.05615234375
10,13,297,singular,1.07287787614041e-05,1.07287787614041e-05,0.00185394287109375,0.0003910064697265625,0.000400543212890625,0.0003566741943359375,1.078125,1.078125,1.5703125,-0.05615234375
10,13,298,plural,0.00015662873920518905,0.00015662873920518905,0.01190185546875,0.028076171875,0.00014591217041015625,0.00010442733764648438,1.078125,1.078125,1.5703125,-0.05615234375
10,14,299,singular,,,0.0,0.0,2.2649765014648438e-05,8.046627044677734e-06,1.078125,1.078125,1.5703125,-0.05615234375
10,14,300,plural,1.764281842042692e-05,1.764281842042692e-05,0.000316619873046875,0.003173828125,1.621246337890625e-05,9.000301361083984e-06,1.078125,1.078125,1.5703125,-0.05615234375
11,0,301,singular,2.4318398573086597e-05,2.4318398573086597e-05,0.00457763671875,5.1021575927734375e-05,1.811981201171875e-05,7.68899917602539e-06,1.078125,1.078125,1.5703125,-0.05615234375
11,0,302,plural,,,0.0,0.0,8.52346420288086e-06,0.0,1.078125,1.078125,1.5703125,-0.05615234375
11,1,303,singular,0.001587798586115241,0.001587798586115241,0.283203125,0.236328125,0.00177764892578125,0.00141143798828125,1.078125,1.078125,1.5703125,-0.056396484375
11,1,304,plural,,,0.0,0.0,0.0003032684326171875,0.00015735626220703125,1.078125,1.078125,1.5703125,-0.056396484375
11,2,305,singular,1.1920858014491387e-05,1.1920858014491387e-05,0.0020599365234375,0.0004405975341796875,0.000278472900390625,0.0001277923583984375,1.078125,1.078125,1.5703125,-0.056396484375
11,2,306,plural,2.0146166207268834e-05,2.0146166207268834e-05,4.708766937255859e-06,0.0037841796875,0.00020694732666015625,9.632110595703125e-05,1.078125,1.078125,1.5703125,-0.056396484375
11,3,307,singular,,,0.0,0.0,6.103515625e-05,1.9669532775878906e-06,1.078125,1.078125,1.5703125,-0.056396484375
11,3,308,plural,,,0.0,0.0,0.0,1.3485550880432129e-06,1.078125,1.078125,1.5703125,-0.056396484375
11,4,309,singular,,,0.0,0.0,0.0,0.0,1.078125,1.078125,1.5703125,-0.056396484375
11,4,310,plural,,,0.0,0.0,0.0,0.0,1.078125,1.078125,1.5703125,-0.056396484375
11,5,311,singular,1.645074735279195e-05,1.645074735279195e-05,0.0029144287109375,0.00066375732421875,5.27501106262207e-06,2.16066837310791e-06,1.078125,1.078125,1.5703125,-0.056396484375
11,5,312,plural,0.002018558792769909,0.002018558792769909,0.1787109375,0.39453125,0.0037689208984375,0.0079345703125,1.078125,1.078125,1.5703125,-0.056396484375
11,6,313,singular,0.0001586549769854173,0.0001586549769854173,0.0286865234375,0.00125885009765625,0.000507354736328125,0.000965118408203125,1.078125,1.078125,1.5703125,-0.056640625
11,6,314,plural,0.0002859421947505325,0.0002859421947505325,0.03466796875,0.048828125,0.0004425048828125,0.000820159912109375,1.078125,1.078125,1.5703125,-0.056640625
11,7,315,singular,,,0.0,0.0,0.000232696533203125,0.000392913818359375,1.078125,1.0859375,1.5703125,-0.05615234375
11,7,316,plural,0.00013839241000823677,0.00013839241000823677,0.01043701171875,0.0247802734375,0.00011539459228515625,0.00628662109375,1.078125,1.078125,1.5703125,-0.05615234375
11,8,317,singular,0.0007930232677608728,0.0007930232677608728,0.13671875,0.03515625,0.002593994140625,0.0030059814453125,1.078125,1.078125,1.5703125,-0.05615234375
11,8,318,plural,0.0003164505760651082,0.0003164505760651082,0.03955078125,0.05419921875,0.00057220458984375,0.000728607177734375,1.078125,1.078125,1.5703125,-0.05615234375
11,9,319,singular,2.8371408916427754e-05,2.8371408916427754e-05,0.00506591796875,0.0004024505615234375,0.0003147125244140625,0.00010824203491210938,1.078125,1.078125,1.5703125,-0.05615234375
11,9,320,plural,3.099393507000059e-05,3.099393507000059e-05,1.8596649169921875e-05,0.005828857421875,8.96453857421875e-05,9.441375732421875e-05,1.078125,1.078125,1.5703125,-0.05615234375
11,10,321,singular,,,0.0,0.0,3.1948089599609375e-05,1.800060272216797e-05,1.078125,1.078125,1.5703125,-0.05615234375
11,10,322,plural,0.034567005932331085,0.034567005932331085,5.96875,6.125,0.0634765625,0.06298828125,1.0859375,1.078125,1.5703125,-0.059814453125
11,11,323,singular,,,0.0,0.0,0.00677490234375,0.0023956298828125,1.078125,1.078125,1.5703125,-0.059814453125
11,11,324,plural,3.0517112463712692e-05,3.0517112463712692e-05,0.002899169921875,0.005279541015625,0.0027313232421875,0.001678466796875,1.078125,1.078125,1.5703125,-0.059814453125
11,12,325,singular,0.12819133698940277,0.12819133698940277,20.875,20.75,0.08935546875,0.0947265625,1.078125,1.078125,1.5859375,-0.078125
11,12,326,plural,,,0.0,0.0,0.0023956298828125,0.002532958984375,1.078125,1.078125,1.5859375,-0.078125
11,13,327,singular,1.7881377516459906e-06,1.7881377516459906e-06,0.0003261566162109375,4.284083843231201e-07,0.00180816650390625,0.001861572265625,1.078125,1.078125,1.5859375,-0.078125
11,13,328,plural,0.0002755738969426602,0.0002755738969426602,0.0194091796875,0.049072265625,0.00127410888671875,0.0012054443359375,1.078125,1.078125,1.5859375,-0.078125
11,14,329,singular,5.960462772236497e-07,5.960462772236497e-07,0.00011301040649414062,1.8030405044555664e-06,0.0004425048828125,0.0003757476806640625,1.078125,1.078125,1.5859375,-0.078125
11,14,330,plural,0.9918835163116455,0.9918835163116455,107.0,109.5,0.10595703125,0.10302734375,1.078125,1.0859375,1.59375,-0.08447265625
12,0,331,singular,,,0.0,0.0,0.0027313232421875,0.006591796875,1.078125,1.078125,1.5859375,-0.08447265625
12,0,332,plural,2.622600959512056e-06,2.622600959512056e-06,4.6333298087120056e-08,0.000492095947265625,0.0018768310546875,0.002685546875,1.078125,1.078125,1.5859375,-0.08447265625
12,1,333,singular,,,0.0,0.0,0.00102996826171875,0.0019683837890625,1.078125,1.078125,1.59375,-0.08447265625
12,1,334,plural,6.4490144723095e-05,6.4490144723095e-05,0.006103515625,0.01116943359375,0.0003223419189453125,0.00098419189453125,1.078125,1.078125,1.59375,-0.08447265625
12,2,335,singular,0.00033301531220786273,0.00033301531220786273,0.0576171875,0.0400390625,0.00019073486328125,0.000453948974609375,1.078125,1.078125,1.59375,-0.08447265625
12,2,336,plural,,,0.0,0.0,3.0517578125e-05,4.0531158447265625e-06,1.078125,1.078125,1.59375,-0.08447265625
12,3,337,singular,,,0.0,0.0,3.0517578125e-05,0.0,1.078125,1.078125,1.59375,-0.08447265625
12,3,338,plural,,,0.0,0.0,3.0517578125e-05,0.0,1.078125,1.078125,1.59375,-0.08447265625
12,4,339,singular,0.030594894662499428,0.030594894662499428,5.25,5.09375,0.01495361328125,0.0145263671875,1.078125,1.078125,1.59375,-0.08740234375
12,4,340,plural,7.629103492945433e-05,7.629103492945433e-05,0.0004482269287109375,0.0133056640625,0.0022735595703125,0.00157928466796875,1.078125,1.078125,1.59375,-0.087890625
12,5,341,singular,0.0002456601650919765,0.0002456601650919765,0.04248046875,0.021240234375,0.0014190673828125,0.000911712646484375,1.078125,1.078125,1.59375,-0.087890625
12,5,342,plural,1.6569954823353328e-05,1.6569954823353328e-05,0.0003871917724609375,0.0028228759765625,0.000640869140625,0.00052642822265625,1.078125,1.078125,1.59375,-0.087890625
12,6,343,singular,,,0.0,0.0,0.0002899169921875,0.0001010894775390625,1.078125,1.078125,1.59375,-0.087890625
12,6,344,plural,1.6569954823353328e-05,1.6569954823353328e-05,0.0003871917724609375,0.0028228759765625,3.0517578125e-05,2.250075340270996e-06,1.078125,1.078125,1.59375,-0.087890625
12,7,345,singular,0.47869759798049927,0.47869759798049927,67.5,66.5,0.07958984375,0.08251953125,1.078125,1.0859375,1.6015625,-0.10009765625
12,7,346,plural,0.00021264675888232887,0.00021264675888232887,6.532669067382812e-05,0.0400390625,0.0023956298828125,0.00689697265625,1.078125,1.078125,1.6015625,-0.10009765625
12,8,347,singular,2.1576648578047752e-05,2.1576648578047752e-05,0.00390625,2.9921531677246094e-05,0.0016937255859375,0.00250244140625,1.078125,1.078125,1.6015625,-0.1005859375
12,8,348,plural,,,0.0,0.0,0.00112152099609375,0.001861572265625,1.078125,1.078125,1.6015625,-0.1005859375
12,9,349,singular,,,0.0,0.0,0.0,0.00106048583984375,1.078125,1.078125,1.6015625,-0.1005859375
12,9,350,plural,0.0007939761853776872,0.0007939761853776872,0.0771484375,0.1416015625,0.0001544952392578125,0.000576019287109375,1.078125,1.078125,1.6015625,-0.1005859375
12,10,351,singular,4.768370445162873e-07,4.768370445162873e-07,8.487701416015625e-05,5.662441253662109e-07,1.7762184143066406e-05,8.916854858398438e-05,1.078125,1.078125,1.6015625,-0.1005859375
12,10,352,plural,,,0.0,0.0,1.5735626220703125e-05,8.916854858398438e-05,1.078125,1.078125,1.6015625,-0.1005859375
12,11,353,singular,6.318072337307967e-06,6.318072337307967e-06,0.00113677978515625,2.944469451904297e-05,1.52587890625e-05,6.29425048828125e-05,1.078125,1.078125,1.6015625,-0.1005859375
12,11,354,plural,0.00031025364296510816,0.00031025364296510816,0.01708984375,0.055419921875,2.5510787963867188e-05,0.00011920928955078125,1.078125,1.078125,1.6015625,-0.1005859375
12,12,355,singular,0.005394189152866602,0.005394189152866602,0.92578125,0.29296875,0.0029144287109375,0.000598907470703125,1.0859375,1.078125,1.6015625,-0.10009765625
12,12,356,plural,0.5271128416061401,0.5271128416061401,73.0,73.5,0.08544921875,0.08349609375,1.078125,1.0859375,1.609375,-0.107421875
12,13,357,singular,0.003727038623765111,0.003727038623765111,0.67578125,0.1455078125,0.0029754638671875,0.0067138671875,1.0859375,1.078125,1.609375,-0.1064453125
12,13,358,plural,3.909988299710676e-05,3.909988299710676e-05,2.1696090698242188e-05,0.007537841796875,0.006439208984375,0.0028533935546875,1.078125,1.078125,1.6015625,-0.1064453125
12,14,359,singular,0.00022599527437705547,0.00022599527437705547,0.04248046875,0.002777099609375,0.002838134765625,0.002044677734375,1.078125,1.078125,1.6015625,-0.1064453125
12,14,360,plural,,,0.0,0.0,0.00180816650390625,0.00109100341796875,1.078125,1.078125,1.6015625,-0.1064453125
13,0,361,singular,0.006737728603184223,0.006737728603184223,1.1640625,1.03125,0.0032806396484375,0.0028076171875,1.078125,1.078125,1.6015625,-0.10693359375
13,0,362,plural,,,0.0,0.0,0.0004596710205078125,0.000522613525390625,1.078125,1.078125,1.609375,-0.10693359375
13,1,363,singular,0.0014215136179700494,0.0014215136179700494,0.25,0.181640625,0.00063323974609375,0.000583648681640625,1.078125,1.078125,1.609375,-0.10693359375
13,1,364,plural,,,0.0,0.0,0.0002079010009765625,0.0002956390380859375,1.078125,1.078125,1.609375,-0.10693359375
13,2,365,singular,,,0.0,0.0,8.678436279296875e-05,0.00014591217041015625,1.078125,1.078125,1.609375,-0.10693359375
13,2,366,plural,3.576272320060525e-06,3.576272320060525e-06,8.195638656616211e-08,0.00067901611328125,2.682209014892578e-05,7.05718994140625e-05,1.078125,1.078125,1.609375,-0.10693359375
13,3,367,singular,,,0.0,0.0,1.5735626220703125e-05,0.0,1.078125,1.078125,1.609375,-0.10693359375
13,3,368,plural,3.373566141817719e-05,3.373566141817719e-05,4.124641418457031e-05,0.006622314453125,0.0,6.586313247680664e-06,1.078125,1.078125,1.609375,-0.10693359375
13,4,369,singular,0.001763218897394836,0.001763218897394836,0.3125,0.1826171875,0.0013580322265625,0.00070953369140625,1.078125,1.078125,1.609375,-0.10693359375
13,4,370,plural,2.50339189733495e-06,2.50339189733495e-06,1.6540288925170898e-06,0.000446319580078125,0.000186920166015625,0.00011157989501953125,1.078125,1.078125,1.609375,-0.10693359375
13,5,371,singular,0.48000597953796387,0.48000597953796387,67.5,66.5,0.0859375,0.08935546875,1.078125,1.0859375,1.625,-0.123046875
13,5,372,plural,0.23390837013721466,0.23390837013721466,34.75,36.0,0.05419921875,0.0537109375,1.078125,1.078125,1.6171875,-0.1279296875
13,6,373,singular,,,0.0,0.0,0.0020904541015625,0.002471923828125,1.078125,1.0859375,1.625,-0.126953125
13,6,374,plural,,,0.0,0.0,0.0016632080078125,0.006500244140625,1.078125,1.078125,1.6171875,-0.1279296875
13,7,375,singular,,,0.0,0.0,0.00107574462890625,0.0024871826171875,1.078125,1.078125,1.6171875,-0.1279296875
13,7,376,plural,2.6225699912174605e-05,2.6225699912174605e-05,8.96453857421875e-05,0.004669189453125,0.0004177093505859375,0.001739501953125,1.078125,1.078125,1.6171875,-0.1279296875
13,8,377,singular,1.966933996300213e-05,1.966933996300213e-05,0.0033721923828125,0.00034332275390625,4.991888999938965e-07,0.00124359130859375,1.078125,1.078125,1.6171875,-0.1279296875
13,8,378,plural,0.012601276859641075,0.012601276859641075,1.984375,2.265625,0.00390625,0.004302978515625,1.078125,1.078125,1.6171875,-0.1279296875
13,9,379,singular,,,0.0,0.0,0.000682830810546875,0.000457763671875,1.078125,1.078125,1.6171875,-0.1279296875
13,9,380,plural,0.00015138434537220746,0.00015138434537220746,0.00787353515625,0.0263671875,0.00058746337890625,0.0002269744873046875,1.078125,1.078125,1.6171875,-0.1279296875
13,10,381,singular,1.7523612768854946e-05,1.7523612768854946e-05,0.0032806396484375,1.2874603271484375e-05,0.0004730224609375,9.632110595703125e-05,1.078125,1.078125,1.6171875,-0.1279296875
13,10,382,plural,0.0003736513026524335,0.0003736513026524335,0.045654296875,0.0654296875,0.00014209747314453125,0.000125885009765625,1.078125,1.078125,1.6171875,-0.1279296875
13,11,383,singular,0.09070909768342972,0.09070909768342972,15.0,10.0625,0.046630859375,0.037109375,1.078125,1.078125,1.6171875,-0.1298828125
13,11,384,plural,,,0.0,0.0,0.0023956298828125,0.002288818359375,1.078125,1.078125,1.6171875,-0.1298828125
13,12,385,singular,0.00011908298620255664,0.00011908298620255664,0.0216064453125,0.00017070770263671875,0.00162506103515625,0.00167083740234375,1.078125,1.078125,1.6171875,-0.1298828125
13,12,386,plural,0.004428579472005367,0.004428579472005367,0.384765625,0.78125,0.001678466796875,0.00360107421875,1.078125,1.078125,1.6171875,-0.1298828125
13,13,387,singular,2.9802276912960224e-06,2.9802276912960224e-06,0.0005035400390625,1.0311603546142578e-05,0.0004329681396484375,0.0008697509765625,1.078125,1.078125,1.6171875,-0.1298828125
13,13,388,plural,,,0.0,0.0,0.00025177001953125,0.000667572021484375,1.078125,1.078125,1.6171875,-0.1298828125
13,14,389,singular,3.564294092939235e-05,3.564294092939235e-05,0.006561279296875,4.935264587402344e-05,0.00014019012451171875,0.00054168701171875,1.078125,1.078125,1.6171875,-0.1298828125
13,14,390,plural,7.080780778778717e-05,7.080780778778717e-05,1.6450881958007812e-05,0.01324462890625,6.818771362304688e-05,0.0003566741943359375,1.078125,1.078125,1.6171875,-0.1298828125
14,0,391,singular,0.000949885172303766,0.000949885172303766,0.1640625,0.0113525390625,0.0005645751953125,9.238719940185547e-06,1.078125,1.078125,1.6171875,-0.1298828125
14,0,392,plural,9.440929716220126e-05,9.440929716220126e-05,0.00180816650390625,0.016845703125,5.316734313964844e-05,4.5299530029296875e-05,1.078125,1.078125,1.6171875,-0.1298828125
14,1,393,singular,,,0.0,0.0,3.743171691894531e-05,9.5367431640625e-07,1.078125,1.078125,1.6171875,-0.1298828125
14,1,394,plural,0.0007753941463306546,0.0007753941463306546,0.0849609375,0.134765625,0.0001850128173828125,0.00035858154296875,1.078125,1.078125,1.6171875,-0.1298828125
14,2,395,singular,8.702239938429557e-06,8.702239938429557e-06,0.00164031982421875,1.7434358596801758e-06,2.5987625122070312e-05,7.62939453125e-05,1.078125,1.078125,1.6171875,-0.1298828125
14,2,396,plural,0.01962670125067234,0.01962670125067234,3.21875,3.46875,0.01422119140625,0.01556396484375,1.078125,1.078125,1.6171875,-0.130859375
14,3,397,singular,4.6132929128361866e-05,4.6132929128361866e-05,0.0084228515625,0.000133514404296875,0.00185394287109375,0.0021209716796875,1.078125,1.078125,1.6171875,-0.130859375
14,3,398,plural,0.00010752100206445903,0.00010752100206445903,0.005401611328125,0.0185546875,0.00128936767578125,0.00145721435546875,1.078125,1.078125,1.625,-0.130859375
14,4,399,singular,,,0.0,0.0,0.000743865966796875,0.000812530517578125,1.078125,1.078125,1.625,-0.130859375
14,4,400,plural,4.7444173105759546e-05,4.7444173105759546e-05,2.086162567138672e-06,0.0089111328125,0.000225067138671875,0.000240325927734375,1.078125,1.078125,1.625,-0.130859375
14,5,401,singular,1.3351351299206726e-05,1.3351351299206726e-05,0.00238037109375,0.00011539459228515625,2.682209014892578e-06,2.0265579223632812e-05,1.078125,1.078125,1.625,-0.130859375
14,5,402,plural,0.0016060085035860538,0.0016060085035860538,0.08447265625,0.279296875,0.000514984130859375,0.00286865234375,1.078125,1.078125,1.625,-0.130859375
14,6,403,singular,5.340433563105762e-05,5.340433563105762e-05,0.00927734375,0.00225830078125,0.00011873245239257812,0.000568389892578125,1.078125,1.078125,1.625,-0.130859375
14,6,404,plural,0.05007176101207733,0.05007176101207733,8.375,8.625,0.05029296875,0.052001953125,1.078125,1.078125,1.625,-0.1337890625
14,7,405,singular,,,0.0,0.0,0.00244140625,0.00244140625,1.078125,1.078125,1.625,-0.1337890625
14,7,406,plural,,,0.0,0.0,0.001861572265625,0.001708984375,1.078125,1.078125,1.625,-0.1337890625
14,8,407,singular,0.001677416730672121,0.001677416730672121,0.298828125,0.1826171875,0.006744384765625,0.0020751953125,1.078125,1.078125,1.625,-0.1328125
14,8,408,plural,,,0.0,0.0,0.0025787353515625,0.000553131103515625,1.078125,1.078125,1.625,-0.1328125
14,9,409,singular,0.028954096138477325,0.028954096138477325,5.0625,4.59375,0.0341796875,0.033447265625,1.078125,1.078125,1.6328125,-0.1396484375
14,9,410,plural,0.000906056840904057,0.000906056840904057,0.0101318359375,0.177734375,0.0020599365234375,0.00360107421875,1.078125,1.078125,1.6328125,-0.1396484375
14,10,411,singular,1.5258672647178173e-05,1.5258672647178173e-05,0.00262451171875,0.00034332275390625,0.00164031982421875,0.00173187255859375,1.078125,1.078125,1.6328125,-0.1396484375
14,10,412,plural,,,0.0,0.0,0.000751495361328125,0.001220703125,1.078125,1.078125,1.6328125,-0.1396484375
14,11,413,singular,,,0.0,0.0,0.000186920166015625,0.0005340576171875,1.078125,1.078125,1.6328125,-0.1396484375
14,11,414,plural,,,0.0,0.0,3.844499588012695e-06,0.00012302398681640625,1.078125,1.078125,1.6328125,-0.1396484375
14,12,415,singular,,,0.0,0.0,0.0,0.0,1.078125,1.078125,1.6328125,-0.1396484375
14,12,416,plural,,,0.0,0.0,0.0,0.0,1.078125,1.078125,1.6328125,-0.1396484375
14,13,417,singular,1.645074735279195e-05,1.645074735279195e-05,0.002838134765625,0.0004405975341796875,9.894371032714844e-06,7.152557373046875e-07,1.078125,1.078125,1.6328125,-0.1396484375
14,13,418,plural,1.0609570381348021e-05,1.0609570381348021e-05,1.51805579662323e-07,0.0019989013671875,0.0,1.341104507446289e-05,1.078125,1.078125,1.6328125,-0.1396484375
14,14,419,singular,0.000417741306591779,0.000417741306591779,0.076171875,0.00390625,0.00133514404296875,2.2530555725097656e-05,1.078125,1.078125,1.6328125,-0.1396484375
14,14,420,plural,1.2397689715726301e-05,1.2397689715726301e-05,4.2438507080078125e-05,0.002197265625,0.000308990478515625,1.0788440704345703e-05,1.078125,1.078125,1.6328125,-0.1396484375
15,0,421,singular,0.0004857790481764823,0.0004857790481764823,0.0859375,0.04638671875,0.000762939453125,0.000354766845703125,1.078125,1.078125,1.6328125,-0.1396484375
15,0,422,plural,1.5020257706055418e-05,1.5020257706055418e-05,7.009506225585938e-05,0.002685546875,0.00023746490478515625,7.581710815429688e-05,1.078125,1.078125,1.6328125,-0.1396484375
15,1,423,singular,,,0.0,0.0,0.0001544952392578125,7.2479248046875e-05,1.078125,1.078125,1.6328125,-0.1396484375
15,1,424,plural,1.0609570381348021e-05,1.0609570381348021e-05,1.6205012798309326e-07,0.0019989013671875,7.486343383789062e-05,6.151199340820312e-05,1.078125,1.078125,1.6328125,-0.1396484375
15,2,425,singular,,,0.0,0.0,3.600120544433594e-05,2.1457672119140625e-06,1.078125,1.078125,1.6328125,-0.1396484375
15,2,426,plural,,,0.0,0.0,0.0,2.384185791015625e-07,1.078125,1.078125,1.6328125,-0.1396484375
15,3,427,singular,0.0009984752396121621,0.0009984752396121621,0.173828125,0.1396484375,0.0068359375,0.0032196044921875,1.078125,1.078125,1.625,-0.1396484375
15,3,428,plural,,,0.0,0.0,0.00201416015625,0.00058746337890625,1.078125,1.078125,1.625,-0.1396484375
15,4,429,singular,0.0001323135511483997,0.0001323135511483997,0.024169921875,0.0016326904296875,0.0009765625,0.0004558563232421875,1.078125,1.078125,1.625,-0.1396484375
15,4,430,plural,0.002491467399522662,0.002491467399522662,0.384765625,0.439453125,0.00860595703125,0.01080322265625,1.078125,1.078125,1.625,-0.1396484375
15,5,431,singular,,,0.0,0.0,0.00107574462890625,0.002288818359375,1.078125,1.078125,1.625,-0.1396484375
15,5,432,plural,0.00020275443966966122,0.00020275443966966122,0.001983642578125,0.039794921875,0.00063323974609375,0.00238037109375,1.078125,1.078125,1.625,-0.1396484375
15,6,433,singular,2.13382354559144e-05,2.13382354559144e-05,0.003662109375,0.000644683837890625,0.0003509521484375,0.000621795654296875,1.078125,1.078125,1.625,-0.1396484375
15,6,434,plural,9.65590606938349e-06,9.65590606938349e-06,2.276897430419922e-05,0.0017242431640625,0.0001277923583984375,0.00032806396484375,1.078125,1.078125,1.625,-0.1396484375
15,7,435,singular,2.8967437174287625e-05,2.8967437174287625e-05,0.004974365234375,0.00106048583984375,8.0108642578125e-05,0.00016307830810546875,1.078125,1.078125,1.625,-0.1396484375
15,7,436,plural,6.294052582234144e-05,6.294052582234144e-05,0.00225830078125,0.01092529296875,1.800060272216797e-05,0.00017261505126953125,1.078125,1.078125,1.625,-0.1396484375
15,8,437,singular,0.037355147302150726,0.037355147302150726,6.3125,4.4375,0.08740234375,0.083984375,1.078125,1.078125,1.6328125,-0.1494140625
15,8,438,plural,,,0.0,0.0,0.002349853515625,0.0022735595703125,1.078125,1.078125,1.6328125,-0.1494140625
15,9,439,singular,1.7881377516459906e-06,1.7881377516459906e-06,0.000324249267578125,1.3690441846847534e-07,0.0016326904296875,0.0016937255859375,1.078125,1.078125,1.6328125,-0.1494140625
15,9,440,plural,0.0006276782951317728,0.0006276782951317728,0.005218505859375,0.11865234375,0.0010528564453125,0.0064697265625,1.078125,1.078125,1.640625,-0.1494140625
15,10,441,singular,4.768370445162873e-07,4.768370445162873e-07,8.535385131835938e-05,3.259629011154175e-07,2.6464462280273438e-05,0.00106048583984375,1.078125,1.078125,1.640625,-0.1494140625
15,10,442,plural,,,0.0,0.0,1.9669532775878906e-05,0.000743865966796875,1.078125,1.078125,1.640625,-0.1494140625
15,11,443,singular,,,0.0,0.0,1.5735626220703125e-05,0.000560760498046875,1.078125,1.078125,1.640625,-0.1494140625
15,11,444,plural,2.582008123397827,2.582008123397827,167.0,168.0,0.10986328125,0.10693359375,1.0859375,1.078125,1.6484375,-0.1572265625
15,12,445,singular,,,0.0,0.0,0.006591796875,0.0022430419921875,1.078125,1.0859375,1.640625,-0.15625
15,12,446,plural,0.001956217223778367,0.001956217223778367,0.140625,0.33984375,0.0028533935546875,0.0067138671875,1.078125,1.078125,1.640625,-0.15625
15,13,447,singular,7.533743337262422e-05,7.533743337262422e-05,0.01434326171875,0.00014019012451171875,0.0020294189453125,0.0024261474609375,1.078125,1.078125,1.640625,-0.15625
15,13,448,plural,1.4781842764932662e-05,1.4781842764932662e-05,9.870529174804688e-05,0.0025482177734375,0.00124359130859375,0.0014190673828125,1.078125,1.078125,1.640625,-0.15625
15,14,449,singular,0.00012694983161054552,0.00012694983161054552,0.0224609375,0.007110595703125,0.0003910064697265625,0.000629425048828125,1.078125,1.078125,1.640625,-0.15625
15,14,450,plural,,,0.0,0.0,1.5735626220703125e-05,0.00014400482177734375,1.078125,1.078125,1.640625,-0.15625
16,0,451,singular,0.00017534149810671806,0.00017534149810671806,0.031982421875,0.0030517578125,0.0001964569091796875,9.834766387939453e-07,1.078125,1.078125,1.640625,-0.15625
16,0,452,plural,9.536738616588991e-07,9.536738616588991e-07,6.257323548197746e-09,0.000179290771484375,2.1457672119140625e-06,9.5367431640625e-07,1.078125,1.078125,1.640625,-0.15625
16,1,453,singular,,,0.0,0.0,1.9222497940063477e-06,0.0,1.078125,1.078125,1.640625,-0.15625
16,1,454,plural,1.6689286894688848e-06,1.6689286894688848e-06,3.632158041000366e-08,0.00032806396484375,1.9073486328125e-06,0.0,1.078125,1.078125,1.640625,-0.15625
16,2,455,singular,,,0.0,0.0,0.0,0.0,1.078125,1.078125,1.640625,-0.15625
16,2,456,plural,,,0.0,0.0,0.0,0.0,1.078125,1.078125,1.640625,-0.15625
16,3,457,singular,0.00012694983161054552,0.00012694983161054552,0.0224609375,0.007110595703125,0.00012302398681640625,2.8133392333984375e-05,1.078125,1.078125,1.640625,-0.15625
16,3,458,plural,,,0.0,0.0,4.76837158203125e-06,4.76837158203125e-07,1.078125,1.078125,1.640625,-0.15625
16,4,459,singular,0.00017534149810671806,0.00017534149810671806,0.031982421875,0.0030517578125,0.000347137451171875,1.1146068572998047e-05,1.078125,1.078125,1.640625,-0.15625
16,4,460,plural,5.364403477869928e-06,5.364403477869928e-06,2.467632293701172e-05,0.00091552734375,7.0035457611083984e-06,4.76837158203125e-07,1.078125,1.078125,1.640625,-0.15625
16,5,461,singular,,,0.0,0.0,3.933906555175781e-06,0.0,1.078125,1.078125,1.640625,-0.15625
16,5,462,plural,0.002063171239569783,0.002063171239569783,0.1591796875,0.359375,0.001678466796875,0.004608154296875,1.078125,1.078125,1.640625,-0.15625
16,6,463,singular,0.004625335801392794,0.004625335801392794,0.796875,0.69921875,0.00750732421875,0.007110595703125,1.078125,1.078125,1.640625,-0.1572265625
16,6,464,plural,,,0.0,0.0,0.00055694580078125,0.000499725341796875,1.078125,1.078125,1.640625,-0.1572265625
16,7,465,singular,5.2569914259947836e-05,5.2569914259947836e-05,0.009033203125,0.0028839111328125,0.0004405975341796875,0.0004367828369140625,1.078125,1.078125,1.640625,-0.1572265625
16,7,466,plural,1.6569954823353328e-05,1.6569954823353328e-05,0.000244140625,0.002960205078125,0.0002574920654296875,0.000270843505859375,1.078125,1.078125,1.640625,-0.1572265625
16,8,467,singular,5.3881147323409095e-05,5.3881147323409095e-05,0.00927734375,0.00286865234375,0.00018787384033203125,0.000152587890625,1.078125,1.078125,1.640625,-0.1572265625
16,8,468,plural,,,0.0,0.0,1.0654330253601074e-06,1.1920928955078125e-07,1.078125,1.078125,1.640625,-0.1572265625
16,9,469,singular,6.651657167822123e-05,6.651657167822123e-05,0.01251220703125,0.00022792816162109375,0.00020885467529296875,9.5367431640625e-07,1.078125,1.078125,1.640625,-0.1572265625
16,9,470,plural,0.00023600654094479978,0.00023600654094479978,0.0279541015625,0.04150390625,0.000232696533203125,0.0004749298095703125,1.078125,1.078125,1.640625,-0.1572265625
16,10,471,singular,,,0.0,0.0,9.679794311523438e-05,3.9577484130859375e-05,1.078125,1.078125,1.640625,-0.1572265625
16,10,472,plural,5.125986263010418e-06,5.125986263010418e-06,1.2278556823730469e-05,0.00090789794921875,6.866455078125e-05,3.9577484130859375e-05,1.078125,1.078125,1.640625,-0.1572265625
16,11,473,singular,0.0004275123355910182,0.0004275123355910182,0.07421875,0.0166015625,0.00127410888671875,0.00021648406982421875,1.078125,1.078125,1.640625,-0.1572265625
16,11,474,plural,,,0.0,0.0,0.0001468658447265625,3.62396240234375e-05,1.078125,1.078125,1.640625,-0.1572265625
16,12,475,singular,0.0002643712505232543,0.0002643712505232543,0.047119140625,0.0250244140625,0.0009918212890625,0.000537872314453125,1.078125,1.078125,1.640625,-0.1572265625
16,12,476,plural,7.247662142617628e-05,7.247662142617628e-05,0.00034332275390625,0.01416015625,9.822845458984375e-05,0.000446319580078125,1.078125,1.078125,1.640625,-0.1572265625
16,13,477,singular,0.7002862095832825,0.7002862095832825,89.5,88.5,0.0986328125,0.103515625,1.078125,1.078125,1.65625,-0.1728515625
16,13,478,plural,0.011200882494449615,0.011200882494449615,1.6875,1.9296875,0.007598876953125,0.009765625,1.078125,1.078125,1.6484375,-0.1728515625
16,14,479,singular,,,0.0,0.0,0.0020904541015625,0.002777099609375,1.078125,1.078125,1.65625,-0.173828125
16,14,480,plural,0.0007815881981514394,0.0007815881981514394,0.052734375,0.1396484375,0.0015869140625,0.0023956298828125,1.078125,1.078125,1.65625,-0.173828125
